,Connor,Anthony,Jake,Ed/Blake ,Bob,Ryan,Nathan,Scott,Tom,Holden,Jonathon,Youngkin,Jackson
Connor,1.0,-0.3578363423231683,0.08661416491239296,-0.057901182206391726,0.05195337353209743,-0.19898229888619157,0.1636044539594975,-0.22376935551051788,-0.08854509783261653,-0.2509296741346462,-0.40003545707643495,-0.24915824632236058,0.4663030132352404
Anthony,-0.3578363423231683,1.0,-0.3281968160709604,-0.37855983325838116,0.05164265497094211,-0.3658478442103212,0.009142333556164596,0.40449162673754524,0.08755471381043362,0.17607113568724417,-0.08657592136886555,0.5031584650470687,-0.5063937302453548
Jake,0.08661416491239296,-0.3281968160709604,1.0,0.48942747040866896,0.04678113642948116,0.08739471983481142,-0.46676384043628116,-0.16145450622690685,0.1887486346541197,-0.27742328082243256,-0.23991615515549447,-0.05118813666492201,-0.23694236307952604
Ed/Blake ,-0.057901182206391726,-0.37855983325838116,0.48942747040866896,1.0,-0.12638653967217242,0.022396420656148774,-0.4686609263757413,0.012351238921261987,0.1432887879128284,-0.12593942143169407,-0.029076446377493095,0.032317832221168546,-0.3305546330959729
Bob,0.05195337353209743,0.05164265497094211,0.04678113642948116,-0.12638653967217242,1.0,0.08907884463413519,0.008692245567443482,-0.5500204030341224,-0.13510033107894912,0.07748920624543665,-0.07085180024217673,-0.2433293926211134,-0.015810976650743148
Ryan,-0.19898229888619157,-0.3658478442103212,0.08739471983481142,0.022396420656148774,0.08907884463413519,1.0,0.1264071698288891,-0.5454989826268922,-0.4370814824995559,0.042550550529787894,0.49375531452667176,-0.38389993832292846,0.05707003349320108
Nathan,0.1636044539594975,0.009142333556164596,-0.46676384043628116,-0.4686609263757413,0.008692245567443482,0.1264071698288891,1.0,-0.1457913983445932,-0.31454617575466276,-0.04558582736675196,-0.09599045410262712,-0.20031185113072147,0.447538749948641
Scott,-0.22376935551051788,0.40449162673754524,-0.16145450622690685,0.012351238921261987,-0.5500204030341224,-0.5454989826268922,-0.1457913983445932,1.0,0.12127318915724625,0.19339665138468712,-0.09928004551234815,0.5653399987956577,-0.2502699944497164
Tom,-0.08854509783261653,0.08755471381043362,0.1887486346541197,0.1432887879128284,-0.13510033107894912,-0.4370814824995559,-0.31454617575466276,0.12127318915724625,1.0,-0.2918995616733124,-0.3517062020566549,0.13337552587295484,-0.2715549460804726
Holden,-0.2509296741346462,0.17607113568724417,-0.27742328082243256,-0.12593942143169407,0.07748920624543665,0.042550550529787894,-0.04558582736675196,0.19339665138468712,-0.2918995616733124,1.0,0.306193177552957,0.04079748339321682,-0.01918872753440469
Jonathon,-0.40003545707643495,-0.08657592136886555,-0.23991615515549447,-0.029076446377493095,-0.07085180024217673,0.49375531452667176,-0.09599045410262712,-0.09928004551234815,-0.3517062020566549,0.306193177552957,1.0,-0.28526388785045714,-0.012867146182523935
Youngkin,-0.24915824632236058,0.5031584650470687,-0.05118813666492201,0.032317832221168546,-0.2433293926211134,-0.38389993832292846,-0.20031185113072147,0.5653399987956577,0.13337552587295484,0.04079748339321682,-0.28526388785045714,1.0,-0.42806362645949403
Jackson,0.4663030132352404,-0.5063937302453548,-0.23694236307952604,-0.3305546330959729,-0.015810976650743148,0.05707003349320108,0.447538749948641,-0.2502699944497164,-0.2715549460804726,-0.01918872753440469,-0.012867146182523935,-0.42806362645949403,1.0
